51 0 51 51 0 51 
90 0 90 90 0 90 
29 0 29 29 0 29 
56 0 56 56 0 56 
56 0 56 56 0 56 
70 0 70 70 0 70 
17 0 17 17 0 17 
67 0 67 67 0 67 
27 0 27 27 0 27 
34 0 34 34 0 34 
16 0 16 16 0 16 
55 0 55 55 0 55 
21 0 21 21 0 21 
36 0 36 36 0 36 
88 0 88 88 0 88 
26 0 26 26 0 26 
70 0 70 70 0 70 
33 0 33 33 0 33 
27 0 27 27 0 27 
10 0 10 10 0 10 
4 0 4 4 0 4 
62 0 62 62 0 62 
3 0 3 3 0 3 
40 0 40 40 0 40 
64 0 64 64 0 64 
93 0 93 93 0 93 
73 0 73 73 0 73 
70 0 70 70 0 70 
84 0 84 84 0 84 
26 0 26 26 0 26 
75 0 75 75 0 75 
4 0 4 4 0 4 
11 0 11 11 0 11 
78 0 78 78 0 78 
75 0 75 75 0 75 
18 0 18 18 0 18 
89 0 89 89 0 89 
25 0 25 25 0 25 
57 0 57 57 0 57 
48 0 48 48 0 48 
30 0 30 30 0 30 
62 0 62 62 0 62 
56 0 56 56 0 56 
87 0 87 87 0 87 
43 0 43 43 0 43 
28 0 28 28 0 28 
91 0 91 91 0 91 
27 0 27 27 0 27 
35 0 35 35 0 35 
73 0 73 73 0 73 
20 0 20 20 0 20 
71 0 71 71 0 71 
65 0 65 65 0 65 
29 0 29 29 0 29 
72 0 72 72 0 72 
64 0 64 64 0 64 
1 0 1 1 0 1 
87 0 87 87 0 87 
8 0 8 8 0 8 
38 0 38 38 0 38 
3 0 3 3 0 3 
59 0 59 59 0 59 
13 0 13 13 0 13 
21 0 21 21 0 21 
5 0 5 5 0 5 
32 0 32 32 0 32 
82 0 82 82 0 82 
1 0 1 1 0 1 
72 0 72 72 0 72 
34 0 34 34 0 34 
62 0 62 62 0 62 
4 0 4 4 0 4 
31 0 31 31 0 31 
80 0 80 80 0 80 
92 0 92 92 0 92 
44 0 44 44 0 44 
24 0 24 24 0 24 
59 0 59 59 0 59 
60 0 60 60 0 60 
42 0 42 42 0 42 
94 0 94 94 0 94 
13 0 13 13 0 13 
22 0 22 22 0 22 
97 0 97 97 0 97 
17 0 17 17 0 17 
7 0 7 7 0 7 
15 0 15 15 0 15 
88 0 88 88 0 88 
15 0 15 15 0 15 
68 0 68 68 0 68 
84 0 84 84 0 84 
71 0 71 71 0 71 
38 0 38 38 0 38 
30 0 30 30 0 30 
5 0 5 5 0 5 
36 0 36 36 0 36 
39 0 39 39 0 39 
84 0 84 84 0 84 
29 0 29 29 0 29 
39 0 39 39 0 39 
58 0 58 58 0 58 
61 0 61 61 0 61 
50 0 50 50 0 50 
25 0 25 25 0 25 
34 0 34 34 0 34 
61 0 61 61 0 61 
51 0 51 51 0 51 
95 0 95 95 0 95 
92 0 92 92 0 92 
1 0 1 1 0 1 
50 0 50 50 0 50 
6 0 6 6 0 6 
12 0 12 12 0 12 
92 0 92 92 0 92 
28 0 28 28 0 28 
12 0 12 12 0 12 
12 0 12 12 0 12 
80 0 80 80 0 80 
8 0 8 8 0 8 
71 0 71 71 0 71 
89 0 89 89 0 89 
97 0 97 97 0 97 
82 0 82 82 0 82 
20 0 20 20 0 20 
36 0 36 36 0 36 
63 0 63 63 0 63 
94 0 94 94 0 94 
59 0 59 59 0 59 
8 0 8 8 0 8 
63 0 63 63 0 63 
66 0 66 66 0 66 
36 0 36 36 0 36 
19 0 19 19 0 19 
0 0 0 0 0 0 
10 0 10 10 0 10 
22 0 22 22 0 22 
73 0 73 73 0 73 
84 0 84 84 0 84 
33 0 33 33 0 33 
47 0 47 47 0 47 
64 0 64 64 0 64 
30 0 30 30 0 30 
55 0 55 55 0 55 
90 0 90 90 0 90 
90 0 90 90 0 90 
41 0 41 41 0 41 
37 0 37 37 0 37 
55 0 55 55 0 55 
25 0 25 25 0 25 
8 0 8 8 0 8 
3 0 3 2 0 2 
66 0 115 43 49 43 
81 0 155 31 74 31 
3 0 4 2 1 2 
11 0 17 8 6 8 
9 0 10 8 1 8 
20 0 33 14 13 14 
69 0 122 43 53 43 
2 0 3 1 1 1 
35 0 68 9 33 9 
21 0 40 7 19 7 
36 0 63 22 27 22 
75 0 133 47 58 47 
20 0 37 9 17 9 
93 0 180 31 87 31 
22 0 27 21 5 21 
77 0 145 34 68 34 
25 0 47 10 22 10 
2 0 3 0 1 0 
67 0 117 43 50 43 
93 0 179 33 86 33 
79 0 124 64 45 64 
53 0 69 50 16 50 
82 0 154 38 72 38 
4 0 4 3 0 3 
20 0 30 16 10 16 
26 0 38 22 12 22 
47 0 62 44 15 44 
43 0 83 13 40 13 
2 0 2 1 0 1 
61 0 120 13 59 13 
21 0 37 13 16 13 
75 0 131 49 56 49 
74 0 122 55 48 55 
79 0 152 29 73 29 
42 0 76 23 34 23 
99 0 129 94 30 94 
5 0 6 4 1 4 
52 0 67 49 15 49 
78 0 114 68 36 68 
30 0 58 9 28 9 
34 0 64 14 30 14 
38 0 70 20 32 20 
59 0 91 49 32 49 
32 0 63 6 31 6 
1 0 1 0 0 0 
95 0 127 89 32 89 
25 0 48 9 23 9 
25 0 48 8 23 8 
80 0 113 72 33 72 
70 0 111 56 41 56 
89 0 176 18 87 18 
48 0 56 47 8 47 
54 0 90 40 36 40 
39 0 76 10 37 10 
99 0 185 47 86 47 
62 0 85 57 23 57 
65 0 110 46 45 46 
8 0 15 2 7 2 
59 0 102 39 43 39 
71 0 137 24 66 24 
38 0 50 35 12 35 
74 0 94 71 20 71 
88 0 115 83 27 83 
74 0 141 30 67 30 
67 0 123 35 56 35 
6 0 11 3 5 3 
84 0 115 77 31 77 
30 0 41 27 11 27 
98 0 131 92 33 92 
77 0 90 75 13 75 
27 0 38 24 11 24 
78 0 148 34 70 34 
12 0 20 8 8 8 
35 0 49 31 14 31 
16 0 29 8 13 8 
46 0 86 21 40 21 
96 0 131 89 35 89 
23 0 43 10 20 10 
28 0 38 25 10 25 
55 0 100 30 45 30 
10 0 17 6 7 6 
0 0 0 0 0 0 
98 0 190 33 92 33 
11 0 14 10 3 10 
22 0 39 12 17 12 
68 0 129 29 61 29 
69 0 134 22 65 22 
63 0 115 34 52 34 
19 0 36 7 17 7 
53 0 98 26 45 26 
37 0 64 25 27 25 
28 0 54 7 26 7 
5 0 8 3 3 3 
3 0 5 0 2 0 
54 0 75 49 21 49 
89 0 147 67 58 67 
5 0 7 4 2 4 
7 0 13 3 6 3 
62 0 99 49 37 49 
44 0 81 23 37 23 
63 0 109 42 46 42 
58 0 104 34 46 34 
76 0 150 14 74 14 
57 0 104 31 47 31 
88 0 129 77 41 77 
5 0 9 2 4 2 
49 0 96 11 47 11 
85 0 152 51 67 51 
84 0 134 67 50 67 
45 0 88 11 43 11 
66 0 99 57 33 57 
21 0 27 19 6 19 
74 0 114 62 40 62 
58 0 74 55 16 55 
10 0 16 7 6 7 
46 0 53 45 7 45 
56 0 81 49 25 49 
66 0 123 31 57 31 
10 0 16 7 6 7 
27 0 45 19 18 19 
47 0 62 44 15 44 
68 0 85 65 17 65 
52 0 94 29 42 29 
75 0 93 72 18 72 
71 0 126 44 55 44 
25 0 43 16 18 16 
71 0 104 62 33 62 
42 0 79 19 37 19 
52 0 64 50 12 50 
74 0 126 52 52 52 
81 0 154 34 73 34 
48 0 60 46 12 46 
67 0 86 64 19 64 
4 0 5 3 1 3 
95 0 172 54 77 54 
64 0 75 63 11 63 
28 0 53 12 25 12 
5 0 9 2 4 2 
64 0 110 43 46 43 
73 0 86 71 13 71 
44 0 53 43 9 43 
38 0 72 15 34 15 
51 0 100 12 49 12 
24 0 46 8 22 8 
4 0 5 3 1 3 
86 0 122 77 36 77 
14 0 17 13 3 13 
21 0 37 12 16 12 
47 0 89 20 42 20 
77 0 77 0 0 0 
48 0 48 65 0 65 
47 0 47 85 0 85 
3 0 3 36 0 36 
95 0 95 50 0 50 
1 0 1 48 0 48 
66 0 66 15 0 15 
37 0 37 13 0 13 
66 0 66 2 0 2 
78 0 78 77 0 77 
35 0 35 20 0 20 
37 0 37 87 0 87 
88 0 88 73 0 73 
7 0 7 21 0 21 
12 0 12 66 0 66 
11 0 11 45 0 45 
80 0 80 31 0 31 
43 0 43 87 0 87 
51 0 51 81 0 81 
0 0 0 65 0 65 
56 0 56 63 0 63 
24 0 24 53 0 53 
33 0 33 3 0 3 
17 0 17 65 0 65 
79 0 79 96 0 96 
13 0 13 80 0 80 
17 0 17 46 0 46 
62 0 62 89 0 89 
61 0 61 66 0 66 
75 0 75 90 0 90 
76 0 76 27 0 27 
8 0 8 6 0 6 
33 0 33 70 0 70 
1 0 1 83 0 83 
86 0 86 30 0 30 
11 0 11 51 0 51 
98 0 98 58 0 58 
59 0 59 8 0 8 
78 0 78 79 0 79 
83 0 83 35 0 35 
81 0 81 86 0 86 
46 0 46 42 0 42 
24 0 24 13 0 13 
98 0 98 20 0 20 
93 0 93 52 0 52 
69 0 69 9 0 9 
16 0 16 11 0 11 
18 0 18 58 0 58 
48 0 48 81 0 81 
1 0 1 2 0 2 
44 0 44 49 0 49 
53 0 53 3 0 3 
49 0 49 76 0 76 
34 0 34 94 0 94 
16 0 16 84 0 84 
54 0 54 60 0 60 
61 0 61 25 0 25 
60 0 60 82 0 82 
90 0 90 38 0 38 
24 0 24 83 0 83 
70 0 70 17 0 17 
14 0 14 31 0 31 
33 0 33 8 0 8 
96 0 96 6 0 6 
43 0 43 92 0 92 
93 0 93 38 0 38 
43 0 43 7 0 7 
37 0 37 50 0 50 
39 0 39 37 0 37 
58 0 58 92 0 92 
53 0 53 52 0 52 
82 0 82 94 0 94 
31 0 31 90 0 90 
4 0 4 31 0 31 
6 0 6 37 0 37 
14 0 14 66 0 66 
25 0 25 50 0 50 
82 0 82 64 0 64 
11 0 11 41 0 41 
58 0 58 17 0 17 
42 0 42 3 0 3 
69 0 69 13 0 13 
37 0 37 6 0 6 
95 0 95 56 0 56 
63 0 63 91 0 91 
92 0 92 22 0 22 
67 0 67 66 0 66 
27 0 27 74 0 74 
17 0 17 27 0 27 
97 0 97 12 0 12 
95 0 95 90 0 90 
76 0 76 10 0 10 
23 0 23 78 0 78 
43 0 43 54 0 54 
61 0 61 0 0 0 
75 0 75 58 0 58 
52 0 52 38 0 38 
10 0 10 68 0 68 
46 0 46 6 0 6 
98 0 98 21 0 21 
64 0 64 7 0 7 
22 0 22 14 0 14 
87 0 87 13 0 13 
6 0 6 65 0 65 
79 0 79 4 0 4 
93 0 93 50 0 50 
58 0 58 36 0 36 
53 0 53 50 0 50 
86 0 86 66 0 66 
29 0 29 50 0 50 
14 0 14 1 0 1 
97 0 97 30 0 30 
81 0 81 12 0 12 
66 0 66 59 0 59 
13 0 13 33 0 33 
51 0 51 85 0 85 
84 0 84 25 0 25 
54 0 54 5 0 5 
0 0 0 19 0 19 
42 0 42 36 0 36 
10 0 10 96 0 96 
2 0 2 46 0 46 
68 0 68 100 0 100 
15 0 15 32 0 32 
65 0 65 90 0 90 
70 0 70 43 0 43 
75 0 75 72 0 72 
39 0 39 3 0 3 
12 0 12 94 0 94 
31 0 31 76 0 76 
13 0 13 72 0 72 
27 0 27 26 0 26 
17 0 17 28 0 28 
42 0 42 99 0 99 
56 0 56 95 0 95 
42 0 42 50 0 50 
97 0 97 70 0 70 
16 0 16 51 0 51 
92 0 92 41 0 41 
79 0 79 95 0 95 
30 0 30 99 0 99 
81 0 81 70 0 70 
15 0 15 53 0 53 
41 0 41 19 0 19 
92 0 92 70 0 70 
87 0 87 40 0 40 
2 0 2 28 0 28 
72 0 72 84 0 84 
44 0 44 88 0 88 
23 0 23 77 0 77 
85 0 76 10 2 10 
179 0 120 73 37 73 
328 0 160 93 89 93 
59 0 45 34 41 34 
177 0 148 51 95 51 
146 0 124 32 75 32 
74 0 70 3 6 3 
268 0 242 95 223 95 
316 0 132 90 111 90 
223 0 215 35 180 35 
151 0 134 87 119 87 
101 0 92 2 4 2 
72 0 67 19 37 19 
479 0 334 53 249 53 
398 0 285 71 195 71 
455 0 90 71 51 71 
330 0 257 73 180 73 
307 0 288 71 232 71 
538 0 135 93 67 93 
69 0 63 15 15 15 
106 0 65 69 12 69 
528 0 477 79 406 79 
42 0 39 16 10 16 
93 0 83 28 48 28 
70 0 70 0 0 0 
122 0 111 46 32 46 
250 0 230 38 178 38 
107 0 97 6 2 6 
68 0 62 10 2 10 
75 0 52 35 17 35 
140 0 111 33 19 33 
146 0 103 89 102 89 
288 0 108 84 14 84 
79 0 63 18 13 18 
47 0 29 14 5 14 
262 0 124 67 120 67 
64 0 19 38 19 38 
278 0 88 97 84 97 
153 0 77 76 35 76 
335 0 184 58 130 58 
96 0 91 11 2 11 
367 0 215 95 171 95 
275 0 84 93 72 93 
162 0 131 37 121 37 
440 0 111 82 76 82 
81 0 16 15 2 15 
65 0 60 19 10 19 
246 0 209 76 170 76 
150 0 65 55 11 55 
153 0 96 68 61 68 
70 0 68 2 2 2 
348 0 330 93 230 93 
178 0 111 30 34 30 
174 0 141 49 115 49 
120 0 109 58 14 58 
106 0 70 16 4 16 
111 0 104 18 26 18 
535 0 171 84 157 84 
14 0 10 21 4 21 
205 0 130 35 43 35 
99 0 44 53 16 53 
187 0 147 73 57 73 
262 0 251 52 244 52 
88 0 66 95 66 95 
503 0 471 83 390 83 
303 0 276 94 211 94 
450 0 208 74 133 74 
153 0 92 65 77 65 
92 0 73 5 4 5 
112 0 87 51 67 51 
118 0 59 17 49 17 
291 0 98 59 28 59 
46 0 35 48 14 48 
20 0 14 2 2 2 
462 0 165 63 104 63 
60 0 40 33 25 33 
53 0 48 3 0 3 
629 0 337 62 248 62 
423 0 169 68 108 68 
201 0 145 77 46 77 
178 0 155 47 92 47 
162 0 84 75 39 75 
240 0 165 70 116 70 
308 0 214 74 145 74 
197 0 170 64 79 64 
339 0 240 92 206 92 
194 0 109 31 32 31 
312 0 134 91 125 91 
139 0 132 14 32 14 
44 0 42 4 4 4 
53 0 48 3 2 3 
173 0 110 98 17 98 
53 0 52 1 5 1 
116 0 107 36 11 36 
237 0 200 69 135 69 
137 0 87 23 11 23 
49 0 47 3 0 3 
149 0 32 88 26 88 
166 0 138 27 127 27 
58 0 53 7 9 7 
155 0 51 53 35 53 
52 0 29 22 12 22 
479 0 426 92 343 92 
151 0 53 44 33 44 
155 0 108 100 26 100 
403 0 293 86 264 86 
66 0 48 8 12 8 
101 0 92 7 1 7 
206 0 130 69 102 69 
365 0 128 68 87 68 
66 0 55 16 9 16 
101 0 82 20 52 20 
85 0 51 18 5 18 
120 0 105 83 74 83 
317 0 186 45 96 45 
185 0 79 95 76 95 
88 0 81 21 20 21 
363 0 233 81 200 81 
142 0 127 26 45 26 
49 0 43 3 3 3 
285 0 128 51 31 51 
146 0 110 44 25 44 
336 0 255 84 180 84 
111 0 57 45 8 45 
63 0 58 4 8 4 
286 0 244 69 189 69 
126 0 86 40 16 40 
212 0 64 54 52 54 
398 0 83 67 19 67 
374 0 214 78 120 78 
132 0 117 56 23 56 
96 0 68 12 28 12 
43 0 39 19 26 19 
365 0 180 86 161 86 
213 0 198 55 136 55 
424 0 261 66 203 66 
131 0 101 24 78 24 
72 0 62 8 9 8 
320 0 186 49 142 49 
861 0 484 94 407 94 
103 0 88 17 18 17 
55 0 41 39 7 39 
122 0 37 21 37 21 
203 0 99 26 10 26 
39 0 29 39 26 39 
144 0 49 74 32 74 
126 0 84 35 38 35 
229 0 65 63 11 63 
170 0 162 13 73 13 
156 0 95 46 19 46 
22 0 26 4 4 4 
29 0 66 10 37 10 
96 0 96 0 0 0 
60 0 93 22 33 22 
94 0 95 0 1 0 
32 0 35 2 3 2 
64 0 133 50 69 50 
99 0 180 29 81 29 
60 0 143 38 83 38 
91 0 133 47 42 47 
47 0 98 49 51 49 
69 0 141 23 72 23 
87 0 112 17 25 17 
47 0 98 18 51 18 
24 0 69 47 45 47 
99 0 162 42 63 42 
50 0 65 18 15 18 
41 0 65 12 24 12 
20 0 22 1 2 1 
20 0 89 23 69 23 
20 0 39 16 19 16 
62 0 91 13 29 13 
73 0 75 1 2 1 
42 0 76 34 34 34 
75 0 110 33 35 33 
84 0 141 36 57 36 
5 0 44 32 39 32 
83 0 92 6 9 6 
43 0 55 4 12 4 
20 0 63 41 43 41 
80 0 121 48 41 48 
35 0 112 58 77 58 
32 0 122 38 90 38 
81 0 105 22 24 22 
0 0 26 25 26 25 
6 0 90 48 84 48 
62 0 109 33 47 33 
48 0 75 29 27 29 
95 0 128 8 33 8 
84 0 126 42 42 42 
96 0 130 19 34 19 
2 0 21 7 19 7 
15 0 85 45 70 45 
35 0 38 3 3 3 
74 0 133 61 59 61 
7 0 98 40 91 40 
84 0 103 21 19 21 
45 0 64 22 19 22 
23 0 83 54 60 54 
67 0 77 6 10 6 
65 0 115 21 50 21 
64 0 105 11 41 11 
85 0 86 1 1 1 
33 0 65 30 32 30 
55 0 100 52 45 52 
29 0 77 13 48 13 
49 0 65 14 16 14 
29 0 122 32 93 32 
44 0 124 18 80 18 
16 0 82 28 66 28 
13 0 38 6 25 6 
41 0 126 41 85 41 
13 0 100 21 87 21 
37 0 41 1 4 1 
22 0 85 68 63 68 
100 0 108 8 8 8 
38 0 80 25 42 25 
21 0 39 15 18 15 
76 0 127 58 51 58 
39 0 71 25 32 25 
17 0 41 17 24 17 
54 0 74 6 20 6 
50 0 86 25 36 25 
83 0 133 52 50 52 
13 0 91 16 78 16 
59 0 153 30 94 30 
2 0 83 21 81 21 
84 0 98 3 14 3 
87 0 156 71 69 71 
81 0 168 20 87 20 
96 0 158 27 62 27 
46 0 131 45 85 45 
28 0 57 20 29 20 
9 0 62 28 53 28 
11 0 58 36 47 36 
39 0 51 5 12 5 
17 0 29 5 12 5 
40 0 93 38 53 38 
75 0 85 5 10 5 
31 0 68 9 37 9 
100 0 170 34 70 34 
59 0 76 14 17 14 
17 0 25 8 8 8 
96 0 139 31 43 31 
34 0 40 3 6 3 
43 0 96 61 53 61 
1 0 78 39 77 39 
32 0 64 18 32 18 
77 0 104 20 27 20 
16 0 23 6 7 6 
85 0 117 18 32 18 
12 0 57 35 45 35 
98 0 120 14 22 14 
13 0 28 8 15 8 
62 0 101 11 39 11 
8 0 44 13 36 13 
88 0 177 27 89 27 
48 0 77 29 29 29 
72 0 120 22 48 22 
78 0 86 10 8 10 
19 0 60 25 41 25 
45 0 83 8 38 8 
79 0 98 16 19 16 
66 0 101 16 35 16 
22 0 67 24 45 24 
7 0 75 19 68 19 
100 0 167 28 67 28 
34 0 59 7 25 7 
34 0 52 10 18 10 
95 0 106 5 11 5 
7 0 65 12 58 12 
99 0 140 49 41 49 
6 0 26 7 20 7 
29 0 102 28 73 28 
55 0 74 18 19 18 
95 0 154 26 59 26 
39 0 60 17 21 17 
21 0 49 25 28 25 
47 0 56 9 9 9 
8 0 88 40 80 40 
32 0 50 9 18 9 
1 0 42 33 41 33 
37 0 112 54 75 54 
63 0 98 24 35 24 
77 0 123 41 46 41 
5 0 54 16 49 16 
41 0 68 17 27 17 
62 0 128 74 66 74 
15 0 74 47 59 47 
6 0 10 2 4 2 
62 0 139 41 77 41 
16 0 47 28 31 28 
85 0 104 5 19 5 
49 0 87 14 38 14 
21 0 72 22 51 22 
81 0 108 8 27 8 
61 0 92 21 31 21 
59 0 152 30 93 30 
14 0 36 15 22 15 
29 0 96 49 67 49 
110 0 106 68 45 100 
6 0 0 53 -6 0 
75 0 3 86 -74 5 
97 0 41 65 -41 87 
66 0 32 43 -18 63 
88 0 102 12 85 21 
50 0 58 22 37 33 
99 0 83 64 25 96 
77 0 100 77 19 74 
122 0 126 125 1 122 
87 0 2 31 -86 11 
92 0 160 69 63 67 
24 0 39 63 -11 22 
79 0 37 67 -40 67 
79 0 168 48 66 42 
74 0 25 45 -39 62 
15 0 17 23 -4 14 
102 0 126 44 80 64 
114 0 130 91 39 108 
104 0 43 110 -76 70 
120 0 70 102 -43 112 
33 0 20 29 -11 31 
31 0 54 78 -11 29 
91 0 190 18 89 17 
47 0 110 26 42 21 
78 0 20 78 -68 38 
118 0 62 91 -43 110 
116 0 168 100 54 102 
47 0 0 41 -47 0 
99 0 186 28 94 29 
68 0 30 69 -46 51 
89 0 131 16 86 21 
54 0 44 85 -31 44 
116 0 61 69 -15 115 
53 0 107 38 40 33 
121 0 88 84 5 121 
95 0 35 74 -59 74 
7 0 45 37 1 7 
91 0 168 3 90 3 
100 0 4 26 -95 31 
61 0 15 38 -44 42 
132 0 71 68 4 132 
65 0 111 8 64 9 
71 0 38 112 -57 43 
80 0 130 33 70 38 
63 0 94 43 41 48 
94 0 106 112 -5 94 
71 0 66 20 58 40 
101 0 32 66 -61 80 
30 0 36 63 -15 25 
34 0 27 44 -15 30 
94 0 57 51 11 94 
31 0 53 55 -1 31 
30 0 51 71 -9 29 
74 0 140 72 43 60 
96 0 160 39 85 44 
81 0 79 67 12 80 
88 0 58 101 -45 76 
106 0 61 124 -65 84 
109 0 42 97 -73 80 
20 0 18 17 1 20 
53 0 86 75 7 52 
83 0 125 46 63 54 
94 0 3 31 -92 17 
121 0 64 81 -26 118 
88 0 4 81 -87 9 
95 0 2 62 -94 7 
14 0 50 7 13 3 
92 0 149 19 89 23 
112 0 146 84 56 96 
83 0 43 97 -55 62 
81 0 9 56 -76 27 
75 0 108 22 69 29 
84 0 109 23 77 35 
117 0 72 116 -52 105 
94 0 121 71 45 82 
111 0 69 94 -33 106 
76 0 122 49 54 53 
47 0 80 50 20 42 
56 0 22 80 -48 28 
97 0 28 65 -65 71 
99 0 37 58 -41 90 
49 0 76 55 15 46 
37 0 91 81 4 37 
72 0 43 50 -11 71 
75 0 11 84 -73 19 
102 0 37 54 -37 95 
75 0 125 75 35 66 
88 0 61 85 -27 84 
20 0 25 70 -15 13 
91 0 7 78 -89 17 
70 0 15 70 -64 29 
83 0 53 65 -16 82 
22 0 81 35 15 16 
87 0 164 15 85 15 
105 0 32 88 -80 67 
71 0 111 91 14 69 
88 0 49 78 -38 79 
95 0 80 52 38 87 
84 0 99 34 66 52 
102 0 126 107 16 100 
88 0 129 95 26 83 
101 0 102 80 23 98 
82 0 1 44 -81 5 
99 0 89 96 -7 99 
114 0 78 127 -50 102 
100 0 116 61 56 83 
67 0 74 98 -18 65 
95 0 92 59 38 87 
32 0 119 47 23 22 
61 0 119 39 49 36 
109 0 34 74 -70 83 
80 0 53 47 9 79 
97 0 124 106 15 95 
87 0 22 67 -69 53 
47 0 144 6 46 3 
78 0 78 37 49 61 
64 0 119 34 54 34 
99 0 89 93 -4 99 
89 0 47 49 -4 89 
74 0 15 46 -59 45 
65 0 14 48 -54 36 
102 0 121 82 37 95 
61 0 44 74 -28 54 
38 0 32 35 -4 38 
14 0 7 100 -13 1 
26 0 21 32 -9 24 
26 0 27 48 -13 22 
83 0 101 40 59 57 
70 0 86 66 18 68 
9 0 0 32 -9 0 
120 0 106 108 -1 120 
100 0 43 77 -53 85 
101 0 134 53 73 68 
106 0 182 70 78 70 
98 0 89 85 4 98 
47 0 25 31 -9 46 
41 0 73 63 5 40 
78 0 78 17 71 33 
58 0 5 49 -57 11 
102 0 144 100 36 95 
52 0 54 14 45 27 
92 0 78 56 29 87 
41 0 62 44 13 39 
55 0 19 97 -50 21 
102 0 27 58 -65 79 
101 0 129 30 91 44 
26 0 16 19 -4 25 
98 0 116 74 41 89 
65 53 71 42 77 13 
42 15 36 5 75 55 
40 35 70 76 68 46 
60 55 75 4 2 8 
87 76 92 12 55 25 
13 35 42 3 58 70 
13 8 12 66 82 3 
40 30 62 28 59 60 
18 47 37 32 4 6 
51 32 62 55 71 78 
33 52 60 61 65 4 
3 40 26 88 1 100 
37 8 92 94 31 46 
61 17 82 10 15 19 
91 49 31 29 75 25 
33 59 21 35 48 21 
99 7 55 11 9 33 
37 92 100 94 0 62 
72 31 91 70 33 85 
51 53 79 87 56 81 
19 26 94 84 14 94 
47 17 55 59 76 56 
65 99 82 38 37 81 
55 82 73 82 44 60 
77 65 28 35 50 59 
39 57 91 65 67 8 
12 35 54 31 9 54 
76 51 28 96 37 67 
70 36 27 19 59 29 
1 9 45 83 16 8 
94 56 29 93 33 56 
2 75 30 11 89 45 
19 24 63 17 99 19 
13 18 41 37 81 52 
84 54 17 14 6 27 
53 34 6 15 9 2 
57 72 81 79 5 98 
85 58 0 27 57 9 
90 95 82 57 85 34 
98 26 51 84 79 21 
58 1 87 52 65 80 
18 70 38 17 83 6 
93 11 74 8 43 63 
95 94 98 21 90 19 
40 34 38 34 32 3 
27 67 69 42 38 94 
69 88 97 74 86 89 
26 69 95 26 1 94 
70 49 14 47 70 4 
95 73 22 5 99 76 
18 38 24 20 75 17 
66 38 78 22 28 5 
76 13 69 9 13 9 
53 47 79 92 54 14 
58 96 1 96 12 4 
97 25 85 62 9 56 
81 85 40 95 93 33 
72 9 100 17 85 27 
4 10 59 87 27 20 
4 11 49 18 67 18 
22 36 26 24 8 83 
26 14 21 31 65 98 
11 17 90 9 17 78 
27 50 23 27 57 67 
45 8 55 67 70 54 
42 5 32 82 36 8 
11 32 46 75 38 42 
3 32 89 3 14 89 
92 6 13 69 42 48 
88 47 10 66 36 99 
20 99 61 97 58 56 
11 10 46 27 7 42 
51 3 69 1 23 74 
82 74 37 100 76 24 
48 85 93 59 80 76 
60 58 93 52 42 37 
67 15 62 22 44 92 
87 44 42 80 68 18 
59 35 90 62 42 42 
38 66 48 1 77 61 
91 28 44 75 19 91 
33 73 92 57 11 92 
22 67 39 58 95 52 
65 33 16 74 1 1 
46 71 66 38 73 20 
87 65 79 41 15 6 
61 82 72 28 87 0 
67 37 2 73 49 70 
100 47 87 53 16 35 
83 35 59 41 48 14 
53 50 80 34 66 79 
18 8 37 94 41 39 
75 67 70 6 70 50 
39 50 31 24 6 30 
36 89 24 19 89 54 
13 58 10 39 44 74 
87 55 28 48 31 42 
2 89 42 17 15 86 
21 70 94 74 25 74 
88 67 90 10 15 39 
75 70 81 36 21 24 
1 60 32 52 64 13 
9 7 75 98 57 86 
95 91 98 64 11 73 
40 49 13 41 91 91 
19 34 60 97 36 0 
40 60 64 79 85 39 
21 13 68 95 64 82 
13 71 8 3 50 23 
21 32 69 9 5 3 
31 96 77 50 41 10 
3 33 60 83 26 38 
34 81 76 19 91 88 
19 37 17 43 94 30 
92 46 4 5 43 30 
28 30 73 95 46 78 
17 14 79 88 9 13 
94 62 67 81 39 24 
9 26 88 66 15 97 
16 17 15 9 56 22 
85 27 71 13 70 4 
31 70 4 16 29 43 
92 73 72 6 23 58 
75 79 8 74 29 69 
19 96 26 85 68 68 
33 94 55 97 90 38 
42 75 12 81 26 20 
35 90 20 68 96 11 
63 70 27 87 27 55 
7 41 67 20 90 51 
16 26 25 8 86 36 
2 74 40 69 35 53 
60 91 64 91 26 31 
91 96 84 83 60 81 
91 83 2 28 32 17 
2 38 29 97 66 89 
42 28 32 43 43 32 
7 97 11 28 15 11 
71 49 14 22 31 95 
8 7 12 62 0 50 
40 92 13 21 89 34 
17 97 97 46 95 32 
71 82 20 58 65 46 
58 60 86 22 76 63 
61 62 36 33 92 45 
56 9 30 56 20 23 
71 78 3 76 95 66 
97 29 16 10 69 10 
71 34 20 87 16 75 
43 15 26 83 37 75 
